num_procs, px,py,n , time, comp. time, comm. neighbours, global comm., idle
Number of iterations: 141
0, 2, 2, 100, 0.155500,    0.016743,       0.000536,       0.004113,       0.001332
1, 2, 2, 100, 0.141732,    0.016898,       0.001238,       0.003552,       0.001011
3, 2, 2, 100, 0.187151,    0.016470,       0.003351,       0.001754,       0.000518
2, 2, 2, 100, 0.241581,    0.016827,       0.003897,       0.000698,       0.001187

Number of iterations: 274
0, 2, 2, 200, 1.119090,    0.140918,       0.001369,       0.006889,       0.055073
3, 2, 2, 200, 0.513163,    0.135897,       0.005168,       0.008037,       0.001173
2, 2, 2, 200, 0.278820,    0.138207,       0.006274,       0.004766,       0.054950
1, 2, 2, 200, 0.309526,    0.139056,       0.002554,       0.007881,       0.054784

Number of iterations: 529
3, 2, 2, 400, 2.598391,    0.996399,       0.013090,       0.704570,       0.024466
0, 2, 2, 400, 2.121779,    1.693020,       0.005699,       0.027092,       0.003862
2, 2, 2, 400, 2.051919,    1.689679,       0.015383,       0.021982,       0.002553
1, 2, 2, 400, 2.112810,    1.694246,       0.009396,       0.023220,       0.003789

Number of iterations: 141
1, 1, 4, 100, 0.032226,    0.017610,       0.001069,       0.001404,       0.000506
2, 1, 4, 100, 0.032979,    0.018012,       0.001385,       0.000727,       0.000274
3, 1, 4, 100, 0.035842,    0.017070,       0.001418,       0.001510,       0.000814
0, 1, 4, 100, 0.033332,    0.017035,       0.000654,       0.002383,       0.000511

Number of iterations: 274
1, 1, 4, 200, 0.423798,    0.201865,       0.003805,       0.043613,       0.000956
2, 1, 4, 200, 1.136742,    0.220684,       0.004830,       0.023571,       0.140819
3, 1, 4, 200, 1.966898,    0.219234,       0.005041,       0.024675,       0.141781
0, 1, 4, 200, 0.423858,    0.198472,       0.002415,       0.048186,       0.141744

Number of iterations: 529
3, 1, 4, 400, 2.413717,    1.566484,       0.012308,       0.238079,       0.326246
0, 1, 4, 400, 2.418985,    1.657236,       0.003770,       0.160907,       0.317020
1, 1, 4, 400, 2.975704,    1.682478,       0.006201,       0.135065,       0.002850
2, 1, 4, 400, 3.648114,    1.674545,       0.011614,       0.136910,       0.314884
