num_procs, px,py,n , time, comp. time, comm. neighbours, global comm., idle
Number of iterations : 146
0, 2,2, 100,     0.209448,       0.017485,       0.003174,       0.001889,       0.076257
1, 2,2, 100,     0.253281,       0.017073,       0.003771,       0.001615,       0.087891
2, 2,2, 100,     0.261303,       0.017016,       0.004238,       0.001214,       0.000611
3, 2,2, 100,     0.291838,       0.017018,       0.004099,       0.001309,       0.137275

Number of iterations : 278
0, 2,2, 200,       3.252883,       0.132571,       0.005198,       0.174990,       0.001482
1, 2,2, 200,       3.047230,       0.294602,       0.008424,       0.009129,       0.929450
2, 2,2, 200,       2.693056,       0.245228,       0.011624,       0.055153,       1.128318
3, 2,2, 200,       2.774325,       0.296063,       0.011051,       0.004932,       0.885166

Number of iterations : 532
2, 2,2, 400,       3.311249,       1.143469,       0.014127,       0.049672,       0.003608
0, 2,2, 400,       6.500468,       1.156050,       0.007328,       0.044357,       1.093290
3, 2,2, 400,       6.321360,       1.150156,       0.013127,       0.043663,       1.954114
1, 2,2, 400,       3.681806,       1.149577,       0.010170,       0.047384,       1.466804