num_procs, px, py, n, time, computation time, communication neighbours, global communication, idle
Number of iterations: 141
(1), 2, 2, 100,       0.021192,    0.013008,       0.000408,       0.000447,       0.000495
(0), 2, 2, 100,       0.021188,    0.012830,       0.000315,       0.000718,       0.000433
(2), 2, 2, 100,       0.021211,    0.013000,       0.000490,       0.000393,       0.000604
(3), 2, 2, 100,       0.021208,    0.013018,       0.000498,       0.000330,       0.000599

Number of iterations: 274
(2), 2, 2, 200,       0.125175,    0.103117,       0.000943,       0.001330,       0.000671
(3), 2, 2, 200,       0.125179,    0.103578,       0.000933,       0.000904,       0.000608
(0), 2, 2, 200,       0.125434,    0.103068,       0.000522,       0.001789,       0.000735
(1), 2, 2, 200,       0.125494,    0.103049,       0.000709,       0.001611,       0.000681

Number of iterations: 529
(0), 2, 2, 400,       0.890505,    0.784966,       0.002317,       0.024030,       0.002415
(2), 2, 2, 400,       0.890522,    0.786663,       0.004395,       0.019990,       0.002690
(1), 2, 2, 400,       0.890588,    0.789496,       0.003145,       0.018573,       0.002484
(3), 2, 2, 400,       0.890894,    0.793182,       0.004291,       0.014125,       0.002149

4 1 4
Number of iterations: 141
(0), 1, 4, 100,       0.020829,    0.012833,       0.000107,       0.000911,       0.000579
(2), 1, 4, 100,       0.020824,    0.013281,       0.000230,       0.000356,       0.000493
(1), 1, 4, 100,       0.020915,    0.013317,       0.000184,       0.000374,       0.000504
(3), 1, 4, 100,       0.020910,    0.012823,       0.000213,       0.000813,       0.000574

Number of iterations: 274
(1), 1, 4, 200,       0.126091,    0.103572,       0.000614,       0.001950,       0.000923
(3), 1, 4, 200,       0.126185,    0.102103,       0.000771,       0.003136,       0.001264
(2), 1, 4, 200,       0.126210,    0.103493,       0.000783,       0.001825,       0.000853
(0), 1, 4, 200,       0.126357,    0.101803,       0.000369,       0.003851,       0.001262

Number of iterations: 529
(0), 1, 4, 400,       0.887253,    0.789279,       0.001446,       0.016587,       0.002976
(2), 1, 4, 400,       0.888300,    0.789219,       0.002975,       0.015201,       0.002118
(1), 1, 4, 400,       0.888648,    0.787561,       0.002211,       0.017591,       0.002040
(3), 1, 4, 400,       0.888792,    0.787182,       0.002862,       0.017200,       0.003027

9 3 3 400 400
Number of iterations: 529
(3),       1.186096,    0.490718,       0.012735,       0.587338,       0.048622
(5),       1.186087,    0.482031,       0.016863,       0.592872,       0.050787
(7),       1.186204,    0.417569,       0.018747,       0.653004,       0.050410
(6),       1.186809,    0.444367,       0.015412,       0.628317,       0.048368
(2),       1.187299,    0.448840,       0.009779,       0.629787,       0.045435
(4),       1.187208,    0.444161,       0.014211,       0.629699,       0.055013
(0),       1.187674,    0.441263,       0.003812,       0.643095,       0.050729
(1),       1.187812,    0.471124,       0.009872,       0.610017,       0.051795
(8),       1.190571,    0.455748,       0.017076,       0.614722,       0.054702

Number of iterations: 141
(0), 2, 2, 100, 0.155500,    0.016743,       0.000536,       0.004113,       0.001332
(1), 2, 2, 100, 0.141732,    0.016898,       0.001238,       0.003552,       0.001011
(3), 2, 2, 100, 0.187151,    0.016470,       0.003351,       0.001754,       0.000518
(2), 2, 2, 100, 0.241581,    0.016827,       0.003897,       0.000698,       0.001187

Number of iterations: 274
(0), 2, 2, 200, 1.119090,    0.140918,       0.001369,       0.006889,       0.055073
(3), 2, 2, 200, 0.513163,    0.135897,       0.005168,       0.008037,       0.001173
(2), 2, 2, 200, 0.278820,    0.138207,       0.006274,       0.004766,       0.054950
(1), 2, 2, 200, 0.309526,    0.139056,       0.002554,       0.007881,       0.054784

Number of iterations: 529
(3), 2, 2, 400, 2.598391,    0.996399,       0.013090,       0.704570,       0.024466
(0), 2, 2, 400, 2.121779,    1.693020,       0.005699,       0.027092,       0.003862
(2), 2, 2, 400, 2.051919,    1.689679,       0.015383,       0.021982,       0.002553
(1), 2, 2, 400, 2.112810,    1.694246,       0.009396,       0.023220,       0.003789

Number of iterations: 141
(1), 1, 4, 100, 0.032226,    0.017610,       0.001069,       0.001404,       0.000506
(2), 1, 4, 100, 0.032979,    0.018012,       0.001385,       0.000727,       0.000274
(3), 1, 4, 100, 0.035842,    0.017070,       0.001418,       0.001510,       0.000814
(0), 1, 4, 100, 0.033332,    0.017035,       0.000654,       0.002383,       0.000511

Number of iterations: 274
(1), 1, 4, 200, 0.423798,    0.201865,       0.003805,       0.043613,       0.000956
(2), 1, 4, 200, 1.136742,    0.220684,       0.004830,       0.023571,       0.140819
(3), 1, 4, 200, 1.966898,    0.219234,       0.005041,       0.024675,       0.141781
(0), 1, 4, 200, 0.423858,    0.198472,       0.002415,       0.048186,       0.141744

Number of iterations: 529
(3), 1, 4, 400, 2.413717,    1.566484,       0.012308,       0.238079,       0.326246
(0), 1, 4, 400, 2.418985,    1.657236,       0.003770,       0.160907,       0.317020
(1), 1, 4, 400, 2.975704,    1.682478,       0.006201,       0.135065,       0.002850
(2), 1, 4, 400, 3.648114,    1.674545,       0.011614,       0.136910,       0.314884
